Krok 0/1000000, konflikty: 70, temp: 0.3000, čas: 0.00s
Validní obarvení nalezeno ve 50. kroku
Úspěšné obarvení: True
Validita: True
Barvy: [2, 1, 2, 4, 0, 9, 0, 0, 3, 0, 6, 1, 9, 8, 5, 8, 3, 7, 2, 1, 7, 1, 2, 0, 1, 4, 0, 9, 1, 2, 3, 8, 9, 6, 4, 9, 4, 0, 7, 2, 6, 8, 6, 0, 9, 2, 8, 1, 2, 4, 5, 4, 3, 8, 7, 3, 1, 9, 6, 4, 2, 5, 3, 5, 5, 0, 5, 2, 0, 5, 0, 0, 2, 2, 6, 6, 1, 3, 6, 3, 7, 6, 2, 4, 0, 3, 7, 1, 0, 9, 6, 9, 0, 1, 7, 7, 5, 1, 5, 5, 6, 2, 3, 3, 5, 4, 7, 3, 1, 7, 7, 5, 1, 0, 6, 8, 1, 2, 6, 3, 8, 1, 4, 4, 1]
Počet barev: 10
Čas: 0.031023025512695312
Krok 0/1000000, konflikty: 91, temp: 0.3000, čas: 0.00s
Validní obarvení nalezeno ve 54. kroku
Úspěšné obarvení: True
Validita: True
Barvy: [5, 7, 2, 1, 8, 2, 5, 6, 6, 5, 8, 0, 2, 1, 2, 6, 8, 6, 4, 3, 7, 1, 3, 2, 0, 2, 1, 1, 0, 4, 6, 2, 7, 6, 5, 8, 7, 0, 1, 6, 0, 3, 3, 1, 1, 6, 1, 3, 2, 5, 2, 7, 3, 4, 1, 4, 7, 5, 0, 0, 0, 0, 6, 2, 1, 5, 0, 6, 5, 0, 0, 3, 4, 4, 4, 7, 4, 4, 2, 4, 7, 0, 0, 1, 0, 4, 2, 5, 3, 2, 0, 5, 4, 3, 7, 1, 0, 7, 0, 8, 3, 2, 3, 8, 3, 7, 0, 1, 3, 8, 8, 1, 2, 5, 7, 7, 6, 1, 3, 6, 0, 6, 1, 0, 7]
Počet barev: 9
Čas: 0.03033280372619629
Krok 0/1000000, konflikty: 93, temp: 0.3000, čas: 0.00s
Validní obarvení nalezeno ve 71. kroku
Úspěšné obarvení: True
Validita: True
Barvy: [0, 1, 1, 4, 4, 4, 5, 1, 7, 5, 4, 5, 5, 0, 2, 2, 6, 0, 7, 6, 3, 7, 1, 5, 3, 6, 0, 2, 7, 3, 3, 3, 1, 0, 0, 2, 3, 3, 0, 5, 6, 0, 2, 1, 1, 0, 1, 0, 0, 0, 3, 1, 5, 5, 1, 2, 7, 3, 4, 5, 4, 6, 2, 6, 7, 5, 2, 1, 5, 4, 3, 1, 2, 1, 1, 4, 0, 3, 4, 3, 3, 0, 3, 1, 2, 2, 7, 2, 0, 3, 4, 7, 7, 1, 2, 3, 4, 4, 7, 4, 2, 4, 6, 6, 5, 1, 4, 4, 0, 7, 2, 0, 2, 5, 2, 7, 1, 6, 2, 2, 0, 7, 6, 3, 4]
Počet barev: 8
Čas: 0.035537004470825195
Krok 0/1000000, konflikty: 115, temp: 0.3000, čas: 0.00s
Validní obarvení nalezeno ve 113. kroku
Úspěšné obarvení: True
Validita: True
Barvy: [5, 4, 0, 3, 3, 3, 3, 0, 2, 2, 2, 0, 0, 5, 2, 6, 5, 1, 1, 0, 5, 3, 6, 2, 4, 1, 6, 6, 1, 1, 1, 0, 5, 5, 5, 2, 5, 1, 2, 3, 2, 2, 0, 4, 1, 3, 6, 5, 6, 1, 0, 3, 2, 6, 5, 2, 3, 2, 1, 6, 4, 3, 6, 4, 6, 0, 0, 4, 5, 2, 0, 6, 4, 3, 5, 6, 0, 2, 1, 0, 3, 4, 3, 4, 2, 2, 1, 3, 6, 6, 5, 1, 6, 4, 2, 1, 3, 4, 1, 1, 1, 1, 4, 4, 5, 5, 4, 1, 2, 5, 0, 3, 4, 2, 3, 5, 3, 4, 6, 0, 1, 3, 2, 2, 4]
Počet barev: 7
Čas: 0.04950380325317383
Krok 0/1000000, konflikty: 129, temp: 0.3000, čas: 0.00s
Validní obarvení nalezeno ve 986. kroku
Úspěšné obarvení: True
Validita: True
Barvy: [0, 0, 1, 2, 3, 5, 0, 1, 4, 2, 5, 4, 4, 5, 0, 0, 2, 0, 0, 5, 3, 1, 2, 1, 3, 5, 1, 5, 5, 1, 4, 1, 1, 2, 5, 3, 3, 3, 0, 5, 2, 2, 3, 5, 4, 1, 2, 2, 1, 0, 3, 3, 2, 3, 4, 2, 2, 5, 5, 1, 1, 5, 4, 1, 4, 2, 0, 4, 1, 0, 4, 1, 5, 1, 1, 4, 2, 2, 3, 1, 4, 0, 2, 5, 2, 3, 3, 0, 0, 3, 5, 2, 3, 5, 3, 3, 0, 3, 5, 0, 3, 1, 0, 3, 4, 4, 5, 0, 0, 3, 0, 4, 5, 4, 5, 2, 4, 1, 3, 3, 0, 1, 1, 0, 0]
Počet barev: 6
Čas: 0.38342976570129395
Krok 0/1000000, konflikty: 128, temp: 0.3000, čas: 0.00s
Validní obarvení nalezeno ve 68812. kroku
Úspěšné obarvení: True
Validita: True
Barvy: [4, 1, 3, 4, 2, 2, 3, 3, 3, 1, 2, 3, 3, 4, 0, 2, 3, 0, 1, 0, 0, 2, 4, 2, 4, 1, 4, 4, 0, 1, 3, 4, 0, 1, 1, 2, 1, 1, 2, 4, 0, 0, 2, 0, 1, 0, 4, 3, 4, 3, 2, 0, 3, 4, 1, 4, 0, 2, 3, 1, 1, 0, 4, 3, 4, 2, 0, 4, 1, 2, 1, 0, 1, 1, 3, 0, 4, 3, 0, 2, 2, 0, 2, 1, 1, 1, 3, 4, 3, 1, 1, 3, 4, 4, 0, 0, 3, 0, 2, 0, 0, 4, 0, 3, 0, 1, 3, 1, 0, 2, 2, 0, 2, 3, 1, 2, 4, 3, 0, 3, 1, 4, 1, 3, 3]
Počet barev: 5
Čas: 20.8130841255188
Krok 0/1000000, konflikty: 179, temp: 0.3000, čas: 0.00s
Krok 100000/1000000, konflikty: 28, temp: 0.2710, čas: 25.14s
Krok 200000/1000000, konflikty: 28, temp: 0.2420, čas: 50.04s
Krok 300000/1000000, konflikty: 25, temp: 0.2130, čas: 74.53s
Krok 400000/1000000, konflikty: 23, temp: 0.1840, čas: 99.12s
Krok 500000/1000000, konflikty: 26, temp: 0.1550, čas: 124.50s
Krok 600000/1000000, konflikty: 22, temp: 0.1260, čas: 149.94s
Krok 700000/1000000, konflikty: 27, temp: 0.0970, čas: 594.49s
Krok 800000/1000000, konflikty: 19, temp: 0.0680, čas: 618.28s
Krok 900000/1000000, konflikty: 23, temp: 0.0390, čas: 641.62s
Počet konfliktů po 1000000 krocích: 22
Úspěšné obarvení: False
Validita: False
Barvy: [0, 1, 3, 2, 1, 2, 3, 3, 3, 0, 1, 3, 3, 0, 0, 1, 3, 2, 2, 2, 2, 2, 0, 0, 2, 1, 0, 0, 2, 2, 2, 3, 3, 0, 2, 3, 1, 1, 3, 2, 0, 1, 1, 1, 1, 2, 0, 3, 0, 1, 1, 1, 3, 0, 3, 0, 2, 2, 3, 1, 1, 2, 0, 0, 0, 1, 3, 0, 1, 1, 3, 0, 2, 1, 3, 1, 2, 3, 2, 2, 3, 0, 2, 1, 1, 1, 2, 2, 3, 0, 1, 3, 0, 2, 0, 0, 3, 1, 2, 2, 0, 0, 2, 3, 0, 3, 3, 3, 0, 2, 0, 2, 1, 3, 1, 2, 3, 3, 1, 3, 2, 2, 1, 1, 3]
Počet barev: 4
Čas: 664.3734438419342
Krok 0/1000000, konflikty: 185, temp: 0.3000, čas: 0.00s
Krok 100000/1000000, konflikty: 29, temp: 0.2710, čas: 24.96s
Krok 200000/1000000, konflikty: 35, temp: 0.2420, čas: 59.59s
Krok 300000/1000000, konflikty: 32, temp: 0.2130, čas: 84.05s
Krok 400000/1000000, konflikty: 38, temp: 0.1840, čas: 108.47s
Krok 500000/1000000, konflikty: 29, temp: 0.1550, čas: 133.07s
Krok 600000/1000000, konflikty: 23, temp: 0.1260, čas: 157.66s
Krok 700000/1000000, konflikty: 27, temp: 0.0970, čas: 181.25s
Krok 800000/1000000, konflikty: 26, temp: 0.0680, čas: 204.49s
Krok 900000/1000000, konflikty: 21, temp: 0.0390, čas: 227.65s
Počet konfliktů po 1000000 krocích: 21
Úspěšné obarvení: False
Validita: False
Barvy: [3, 0, 3, 2, 2, 2, 0, 0, 0, 1, 1, 0, 0, 3, 3, 3, 0, 2, 3, 2, 2, 2, 3, 3, 0, 1, 3, 2, 2, 1, 2, 3, 3, 1, 1, 0, 1, 1, 0, 2, 1, 1, 1, 2, 1, 2, 3, 0, 3, 0, 2, 1, 0, 1, 2, 0, 2, 1, 0, 1, 1, 2, 0, 3, 3, 0, 0, 3, 1, 0, 0, 3, 1, 1, 1, 0, 3, 0, 2, 2, 0, 3, 3, 1, 1, 1, 1, 2, 0, 1, 1, 0, 2, 3, 2, 2, 0, 2, 2, 2, 2, 3, 2, 2, 1, 0, 0, 0, 0, 2, 3, 2, 1, 0, 1, 2, 0, 3, 1, 0, 0, 3, 1, 1, 0]
Počet barev: 4
Čas: 250.37310528755188
Krok 0/1000000, konflikty: 190, temp: 0.3000, čas: 0.00s
Krok 100000/1000000, konflikty: 29, temp: 0.2710, čas: 25.06s
Krok 200000/1000000, konflikty: 28, temp: 0.2420, čas: 49.80s
Krok 300000/1000000, konflikty: 22, temp: 0.2130, čas: 74.36s
Krok 400000/1000000, konflikty: 29, temp: 0.1840, čas: 98.69s
Krok 500000/1000000, konflikty: 24, temp: 0.1550, čas: 123.37s
Krok 600000/1000000, konflikty: 22, temp: 0.1260, čas: 148.15s
Krok 700000/1000000, konflikty: 27, temp: 0.0970, čas: 172.04s
Krok 800000/1000000, konflikty: 22, temp: 0.0680, čas: 195.61s
Krok 900000/1000000, konflikty: 22, temp: 0.0390, čas: 219.32s
Počet konfliktů po 1000000 krocích: 22
Úspěšné obarvení: False
Validita: False
Barvy: [3, 1, 3, 1, 2, 3, 3, 3, 2, 0, 0, 3, 0, 2, 1, 2, 3, 1, 2, 0, 1, 2, 1, 2, 1, 3, 2, 1, 0, 0, 3, 2, 3, 2, 0, 3, 2, 0, 3, 0, 1, 0, 2, 0, 0, 2, 2, 1, 1, 3, 2, 0, 2, 2, 0, 2, 1, 2, 3, 0, 0, 1, 1, 2, 0, 0, 1, 3, 2, 0, 3, 2, 0, 2, 2, 3, 1, 3, 0, 2, 3, 1, 1, 0, 1, 0, 1, 1, 3, 3, 0, 3, 2, 1, 2, 3, 1, 0, 0, 0, 3, 2, 1, 0, 0, 3, 3, 3, 1, 2, 3, 1, 0, 3, 0, 2, 0, 3, 1, 1, 1, 1, 0, 3, 3]
Počet barev: 4
Čas: 242.124351978302
Krok 0/1000000, konflikty: 164, temp: 0.3000, čas: 0.00s
Krok 100000/1000000, konflikty: 33, temp: 0.2710, čas: 25.40s
Krok 200000/1000000, konflikty: 29, temp: 0.2420, čas: 50.33s
Krok 300000/1000000, konflikty: 31, temp: 0.2130, čas: 74.89s
Krok 400000/1000000, konflikty: 27, temp: 0.1840, čas: 99.44s
Krok 500000/1000000, konflikty: 25, temp: 0.1550, čas: 123.61s
Krok 600000/1000000, konflikty: 24, temp: 0.1260, čas: 147.83s
Krok 700000/1000000, konflikty: 22, temp: 0.0970, čas: 171.55s
Krok 800000/1000000, konflikty: 22, temp: 0.0680, čas: 195.55s
Krok 900000/1000000, konflikty: 27, temp: 0.0390, čas: 218.98s
Počet konfliktů po 1000000 krocích: 19
Úspěšné obarvení: False
Validita: False
Barvy: [3, 2, 0, 1, 1, 1, 0, 0, 0, 2, 2, 0, 0, 2, 3, 3, 0, 1, 3, 1, 1, 3, 3, 3, 3, 2, 3, 3, 0, 2, 1, 3, 0, 0, 2, 0, 2, 2, 0, 1, 2, 2, 1, 2, 2, 1, 3, 0, 3, 1, 1, 1, 1, 2, 0, 3, 3, 2, 0, 0, 3, 1, 3, 1, 3, 0, 0, 0, 2, 2, 0, 3, 2, 2, 2, 0, 3, 0, 1, 1, 0, 3, 3, 2, 0, 1, 1, 1, 0, 0, 2, 0, 1, 3, 1, 1, 3, 1, 1, 1, 1, 3, 1, 1, 0, 0, 0, 0, 3, 1, 2, 1, 2, 0, 2, 1, 0, 0, 3, 0, 3, 3, 2, 2, 2]
Počet barev: 4
Čas: 241.8338611125946
Krok 0/1000000, konflikty: 185, temp: 0.3000, čas: 0.00s
Krok 100000/1000000, konflikty: 26, temp: 0.2710, čas: 25.29s
Krok 200000/1000000, konflikty: 25, temp: 0.2420, čas: 50.28s
Krok 300000/1000000, konflikty: 30, temp: 0.2130, čas: 74.84s
Krok 400000/1000000, konflikty: 32, temp: 0.1840, čas: 99.36s
Krok 500000/1000000, konflikty: 26, temp: 0.1550, čas: 123.49s
Krok 600000/1000000, konflikty: 21, temp: 0.1260, čas: 147.61s
Krok 700000/1000000, konflikty: 22, temp: 0.0970, čas: 171.22s
Krok 800000/1000000, konflikty: 21, temp: 0.0680, čas: 194.64s
Krok 900000/1000000, konflikty: 24, temp: 0.0390, čas: 218.07s
Počet konfliktů po 1000000 krocích: 19
Úspěšné obarvení: False
Validita: False
Barvy: [2, 1, 2, 0, 0, 0, 3, 3, 3, 1, 1, 3, 3, 2, 0, 2, 3, 0, 2, 0, 0, 0, 0, 2, 0, 3, 2, 0, 1, 1, 0, 2, 0, 3, 1, 3, 2, 1, 1, 0, 1, 1, 2, 1, 1, 0, 2, 3, 0, 3, 0, 1, 3, 2, 3, 2, 0, 2, 3, 3, 1, 0, 3, 2, 1, 1, 3, 2, 2, 1, 3, 2, 1, 2, 2, 3, 0, 3, 0, 0, 3, 1, 0, 1, 3, 1, 0, 0, 3, 2, 1, 3, 2, 0, 2, 0, 3, 1, 1, 0, 0, 2, 0, 1, 3, 3, 3, 3, 3, 2, 2, 0, 1, 3, 1, 0, 2, 0, 1, 3, 3, 2, 1, 1, 1]
Počet barev: 4
Čas: 240.99201202392578
Krok 0/1000000, konflikty: 142, temp: 0.3000, čas: 0.00s
Krok 100000/1000000, konflikty: 35, temp: 0.2710, čas: 25.66s
Krok 200000/1000000, konflikty: 35, temp: 0.2420, čas: 50.49s
Krok 300000/1000000, konflikty: 34, temp: 0.2130, čas: 75.25s
Krok 400000/1000000, konflikty: 29, temp: 0.1840, čas: 99.97s
Krok 500000/1000000, konflikty: 21, temp: 0.1550, čas: 124.18s
Krok 600000/1000000, konflikty: 21, temp: 0.1260, čas: 148.17s
Krok 700000/1000000, konflikty: 21, temp: 0.0970, čas: 171.86s
Krok 800000/1000000, konflikty: 19, temp: 0.0680, čas: 195.36s
Krok 900000/1000000, konflikty: 20, temp: 0.0390, čas: 218.69s
Počet konfliktů po 1000000 krocích: 20
Úspěšné obarvení: False
Validita: False
Barvy: [2, 3, 0, 1, 2, 1, 0, 0, 0, 3, 3, 0, 0, 2, 1, 2, 0, 1, 2, 1, 1, 1, 1, 2, 1, 0, 2, 1, 0, 3, 1, 2, 0, 0, 3, 0, 2, 3, 3, 1, 3, 3, 3, 3, 3, 1, 2, 0, 1, 0, 1, 3, 0, 3, 2, 2, 1, 2, 0, 0, 3, 1, 1, 2, 3, 3, 0, 2, 2, 3, 0, 2, 3, 2, 2, 0, 1, 0, 1, 1, 2, 3, 1, 3, 0, 3, 1, 1, 0, 2, 3, 0, 2, 1, 2, 1, 0, 3, 3, 1, 1, 2, 1, 3, 0, 0, 0, 0, 0, 2, 2, 1, 3, 0, 3, 1, 2, 1, 3, 0, 0, 2, 3, 3, 2]
Počet barev: 4
Čas: 241.42823600769043
Krok 0/1000000, konflikty: 203, temp: 0.3000, čas: 0.00s
Krok 100000/1000000, konflikty: 30, temp: 0.2710, čas: 25.37s
Krok 200000/1000000, konflikty: 25, temp: 0.2420, čas: 50.35s
Krok 300000/1000000, konflikty: 26, temp: 0.2130, čas: 74.93s
Krok 400000/1000000, konflikty: 28, temp: 0.1840, čas: 99.51s
Krok 500000/1000000, konflikty: 22, temp: 0.1550, čas: 123.68s
Krok 600000/1000000, konflikty: 22, temp: 0.1260, čas: 147.79s
Krok 700000/1000000, konflikty: 19, temp: 0.0970, čas: 171.69s
Krok 800000/1000000, konflikty: 22, temp: 0.0680, čas: 195.08s
Krok 900000/1000000, konflikty: 19, temp: 0.0390, čas: 218.41s
Počet konfliktů po 1000000 krocích: 19
Úspěšné obarvení: False
Validita: False
Barvy: [3, 2, 1, 0, 0, 0, 1, 1, 1, 2, 2, 1, 1, 2, 3, 3, 1, 0, 3, 0, 0, 3, 3, 3, 3, 2, 3, 3, 1, 2, 0, 3, 1, 0, 2, 1, 2, 2, 0, 0, 2, 2, 0, 2, 2, 0, 3, 1, 3, 0, 0, 0, 0, 2, 1, 3, 3, 2, 1, 1, 3, 0, 3, 0, 3, 1, 1, 1, 2, 2, 1, 3, 2, 2, 2, 1, 3, 1, 0, 0, 1, 3, 3, 2, 1, 0, 0, 0, 1, 1, 2, 1, 0, 3, 0, 0, 3, 0, 0, 3, 0, 3, 0, 0, 1, 1, 1, 1, 3, 0, 2, 0, 2, 1, 2, 0, 1, 1, 3, 1, 3, 3, 2, 2, 2]
Počet barev: 4
Čas: 241.32264304161072
Krok 0/1000000, konflikty: 187, temp: 0.3000, čas: 0.00s
Krok 100000/1000000, konflikty: 33, temp: 0.2710, čas: 25.22s
Krok 200000/1000000, konflikty: 29, temp: 0.2420, čas: 50.55s
Krok 300000/1000000, konflikty: 23, temp: 0.2130, čas: 75.42s
Krok 400000/1000000, konflikty: 22, temp: 0.1840, čas: 100.16s
Krok 500000/1000000, konflikty: 30, temp: 0.1550, čas: 125.01s
Krok 600000/1000000, konflikty: 27, temp: 0.1260, čas: 149.52s
Krok 700000/1000000, konflikty: 20, temp: 0.0970, čas: 173.32s
Krok 800000/1000000, konflikty: 22, temp: 0.0680, čas: 197.06s
Krok 900000/1000000, konflikty: 25, temp: 0.0390, čas: 220.38s
Počet konfliktů po 1000000 krocích: 19
Úspěšné obarvení: False
Validita: False
Barvy: [3, 1, 0, 2, 2, 2, 0, 0, 0, 1, 1, 0, 0, 3, 2, 3, 0, 2, 3, 2, 2, 2, 2, 3, 2, 0, 3, 2, 1, 1, 2, 3, 2, 2, 1, 0, 3, 1, 1, 2, 1, 1, 3, 1, 1, 2, 3, 0, 2, 0, 2, 1, 0, 3, 0, 3, 2, 3, 0, 0, 1, 2, 0, 2, 1, 1, 0, 3, 3, 1, 0, 3, 1, 3, 3, 0, 1, 0, 2, 2, 3, 1, 2, 1, 0, 1, 2, 2, 0, 3, 1, 0, 3, 2, 3, 2, 0, 1, 1, 2, 2, 3, 2, 1, 0, 0, 0, 0, 0, 3, 3, 2, 1, 0, 1, 2, 3, 2, 1, 0, 0, 3, 1, 1, 1]
Počet barev: 4
Čas: 243.2545657157898
Krok 0/1000000, konflikty: 172, temp: 0.3000, čas: 0.00s
Krok 100000/1000000, konflikty: 33, temp: 0.2710, čas: 25.30s
Krok 200000/1000000, konflikty: 25, temp: 0.2420, čas: 50.30s
Krok 300000/1000000, konflikty: 23, temp: 0.2130, čas: 75.10s
Krok 400000/1000000, konflikty: 28, temp: 0.1840, čas: 99.54s
Krok 500000/1000000, konflikty: 22, temp: 0.1550, čas: 123.70s
Krok 600000/1000000, konflikty: 24, temp: 0.1260, čas: 147.78s
Krok 700000/1000000, konflikty: 19, temp: 0.0970, čas: 171.38s
Krok 800000/1000000, konflikty: 22, temp: 0.0680, čas: 194.96s
Krok 900000/1000000, konflikty: 19, temp: 0.0390, čas: 218.03s
Počet konfliktů po 1000000 krocích: 19
Úspěšné obarvení: False
Validita: False
Barvy: [2, 3, 2, 0, 2, 0, 1, 1, 1, 3, 3, 1, 1, 2, 0, 2, 1, 0, 0, 0, 0, 0, 0, 2, 1, 1, 2, 0, 3, 3, 0, 2, 0, 2, 3, 1, 2, 3, 3, 0, 3, 3, 1, 3, 3, 0, 2, 1, 0, 1, 0, 3, 1, 2, 3, 2, 0, 2, 1, 1, 3, 0, 1, 2, 3, 3, 1, 2, 2, 3, 1, 2, 3, 2, 2, 1, 0, 1, 0, 0, 2, 3, 0, 3, 1, 3, 0, 0, 1, 2, 3, 1, 2, 0, 2, 0, 1, 3, 3, 0, 0, 2, 0, 3, 1, 1, 1, 1, 1, 2, 2, 0, 3, 1, 3, 0, 2, 0, 3, 1, 1, 2, 3, 3, 3]
Počet barev: 4
Čas: 241.03357982635498
Krok 0/1000000, konflikty: 176, temp: 0.3000, čas: 0.00s
Krok 100000/1000000, konflikty: 32, temp: 0.2710, čas: 25.26s
Krok 200000/1000000, konflikty: 24, temp: 0.2420, čas: 50.17s
Krok 300000/1000000, konflikty: 21, temp: 0.2130, čas: 74.95s
Krok 400000/1000000, konflikty: 25, temp: 0.1840, čas: 99.42s
Krok 500000/1000000, konflikty: 31, temp: 0.1550, čas: 123.47s
Krok 600000/1000000, konflikty: 19, temp: 0.1260, čas: 147.53s
Krok 700000/1000000, konflikty: 23, temp: 0.0970, čas: 171.21s
Krok 800000/1000000, konflikty: 20, temp: 0.0680, čas: 194.73s
Krok 900000/1000000, konflikty: 20, temp: 0.0390, čas: 217.80s
Počet konfliktů po 1000000 krocích: 19
Úspěšné obarvení: False
Validita: False
Barvy: [2, 0, 2, 1, 1, 1, 3, 3, 3, 0, 0, 3, 3, 2, 1, 2, 3, 1, 2, 1, 1, 1, 1, 2, 1, 3, 2, 1, 3, 0, 1, 2, 1, 1, 0, 3, 2, 0, 0, 1, 0, 0, 0, 0, 0, 1, 2, 3, 1, 3, 1, 0, 3, 0, 2, 2, 2, 2, 3, 1, 1, 1, 3, 1, 0, 0, 3, 2, 2, 0, 3, 2, 0, 2, 2, 3, 0, 3, 1, 1, 2, 0, 1, 0, 3, 0, 1, 1, 3, 2, 0, 3, 2, 1, 2, 1, 3, 0, 0, 1, 1, 2, 1, 0, 3, 3, 3, 3, 3, 2, 2, 1, 0, 3, 0, 1, 2, 1, 0, 3, 3, 2, 0, 0, 0]
Počet barev: 4
Čas: 240.7178192138672