Validní obarvení nalezeno ve 2424. kroku
Úspěšné obarvení: True
Validita: True
Barvy: [29, 8, 26, 32, 35, 45, 16, 14, 44, 7, 13, 18, 6, 19, 10, 37, 49, 1, 44, 43, 23, 24, 0, 15, 6, 30, 31, 40, 8, 20, 4, 4, 4, 16, 0, 19, 3, 18, 29, 8, 32, 18, 25, 1, 31, 47, 38, 5, 9, 24, 28, 5, 14, 46, 31, 47, 7, 20, 45, 6, 39, 40, 35, 17, 12, 21, 14, 23, 3, 36, 48, 48, 37, 3, 47, 0, 48, 42, 2, 22, 15, 39, 10, 25, 33, 16, 24, 38, 15, 20, 5, 34, 41, 30, 33, 10, 22, 35, 13, 21, 27, 26, 46, 34, 27, 37, 38, 2, 17, 28, 42, 36, 12, 12, 22, 32, 40, 1, 43, 11, 45, 11, 49, 43, 25]
Počet barev: 50
Čas: 47.39463400840759

Validní obarvení nalezeno ve 1201. kroku
Úspěšné obarvení: True
Validita: True
Barvy: [23, 28, 1, 24, 26, 13, 13, 15, 16, 30, 3, 47, 4, 39, 20, 10, 18, 35, 5, 19, 5, 21, 12, 37, 38, 48, 8, 48, 6, 17, 33, 14, 26, 32, 12, 29, 19, 47, 39, 35, 24, 28, 45, 27, 41, 18, 38, 34, 36, 21, 25, 36, 7, 8, 16, 0, 20, 31, 12, 4, 47, 15, 26, 28, 9, 22, 7, 23, 40, 42, 19, 46, 10, 3, 22, 2, 14, 40, 43, 13, 3, 32, 35, 34, 11, 41, 21, 1, 37, 1, 38, 44, 28, 8, 11, 5, 48, 45, 2, 30, 17, 6, 26, 44, 30, 10, 37, 43, 33, 25, 46, 0, 9, 16, 27, 24, 11, 27, 29, 18, 20, 42, 31, 41, 7]
Počet barev: 49
Čas: 22.76588225364685

Validní obarvení nalezeno ve 2071. kroku
Úspěšné obarvení: True
Validita: True
Barvy: [28, 23, 45, 9, 31, 6, 5, 5, 1, 33, 32, 10, 46, 2, 9, 44, 33, 37, 10, 41, 37, 34, 31, 14, 39, 13, 3, 35, 23, 36, 20, 20, 11, 26, 2, 29, 17, 11, 9, 23, 34, 27, 27, 0, 3, 22, 39, 21, 47, 5, 36, 47, 25, 18, 3, 22, 7, 11, 6, 13, 8, 40, 30, 17, 44, 15, 25, 42, 35, 19, 7, 16, 4, 43, 22, 18, 7, 38, 40, 32, 14, 8, 28, 16, 41, 10, 32, 39, 14, 36, 21, 19, 27, 34, 24, 24, 13, 19, 18, 15, 43, 8, 31, 4, 47, 12, 16, 42, 41, 26, 38, 35, 26, 1, 0, 46, 30, 0, 25, 12, 6, 45, 29, 33, 36]
Počet barev: 48
Čas: 38.80268216133118

Validní obarvení nalezeno ve 13557. kroku
Úspěšné obarvení: True
Validita: True
Barvy: [20, 9, 37, 15, 2, 7, 32, 10, 30, 33, 25, 41, 24, 19, 15, 17, 1, 35, 28, 26, 28, 10, 13, 11, 30, 23, 2, 23, 13, 34, 44, 27, 27, 8, 9, 19, 0, 41, 15, 46, 36, 9, 32, 35, 42, 38, 6, 43, 39, 10, 1, 39, 25, 27, 30, 38, 31, 40, 7, 24, 41, 24, 21, 9, 11, 31, 25, 20, 0, 45, 4, 4, 17, 0, 38, 42, 4, 29, 34, 14, 43, 3, 46, 22, 26, 8, 12, 37, 43, 37, 12, 45, 11, 2, 5, 28, 12, 45, 40, 33, 6, 13, 36, 14, 16, 17, 22, 16, 44, 16, 29, 23, 8, 3, 22, 35, 5, 14, 26, 18, 7, 18, 21, 42, 1]
Počet barev: 47
Čas: 243.487863779068

Validní obarvení nalezeno ve 7477. kroku
Úspěšné obarvení: True
Validita: True
Barvy: [25, 23, 43, 34, 31, 5, 29, 29, 27, 26, 20, 3, 19, 11, 34, 35, 26, 9, 33, 36, 18, 7, 44, 45, 35, 10, 25, 10, 44, 38, 22, 22, 22, 30, 11, 21, 2, 3, 34, 9, 7, 11, 15, 40, 12, 16, 42, 12, 8, 29, 23, 8, 4, 13, 27, 32, 28, 42, 5, 19, 3, 41, 41, 11, 32, 18, 4, 25, 42, 0, 28, 17, 16, 2, 31, 13, 28, 14, 6, 37, 35, 21, 9, 17, 36, 20, 20, 15, 45, 15, 12, 0, 23, 7, 39, 39, 37, 0, 13, 1, 38, 44, 41, 37, 8, 31, 45, 6, 36, 30, 14, 10, 30, 27, 1, 19, 17, 40, 4, 24, 5, 33, 43, 26, 24]
Počet barev: 46
Čas: 132.76587986946106

Validní obarvení nalezeno ve 55443. kroku
Úspěšné obarvení: True
Validita: True
Barvy: [14, 11, 30, 26, 19, 39, 21, 3, 7, 10, 16, 2, 24, 36, 11, 15, 9, 12, 16, 17, 41, 3, 19, 1, 25, 23, 14, 23, 13, 33, 6, 37, 19, 41, 36, 17, 34, 2, 26, 12, 9, 40, 22, 18, 25, 8, 21, 5, 20, 21, 27, 36, 24, 32, 27, 8, 42, 0, 39, 1, 2, 35, 40, 38, 38, 18, 3, 14, 34, 29, 42, 4, 15, 34, 8, 32, 42, 43, 35, 28, 5, 37, 12, 4, 44, 16, 6, 22, 5, 22, 25, 29, 38, 0, 44, 0, 23, 29, 20, 10, 33, 13, 19, 28, 10, 15, 4, 31, 40, 43, 11, 6, 30, 7, 4, 1, 44, 28, 17, 13, 39, 31, 30, 24, 27]
Počet barev: 45
Čas: 1589.200194120407

