Krok 0/100000, konflikty: 59, temp: 0.3000, čas: 0.00s
Validní obarvení nalezeno ve 42. kroku
Úspěšné obarvení: True
Validita: True
Barvy: [5, 7, 0, 9, 1, 1, 0, 3, 6, 9, 1, 1, 9, 3, 0, 7, 0, 6, 0, 4, 7, 1, 4, 1, 1, 0, 8, 8, 0, 9, 4, 9, 1, 7, 4, 0, 4, 3, 8, 1, 5, 9, 3, 0, 0, 2, 5, 2, 9, 0, 1, 4, 3, 3, 4, 5, 7, 7, 8, 0, 1, 2, 7, 6, 6, 7, 2, 0, 4, 1, 3, 2, 8, 0, 5, 8, 9, 0, 2, 2, 3, 6, 1, 2, 3, 7, 1, 6, 3, 7, 5, 6, 4, 4, 5, 3, 5, 6, 6, 0, 4, 6, 2, 2, 0, 3, 3, 2, 6, 6, 5, 2, 1, 5, 8, 1, 5, 2, 8, 2, 0, 6, 0, 3, 1]
Počet barev: 10
Čas: 0.02627086639404297

Krok 0/100000, konflikty: 91, temp: 0.3000, čas: 0.00s
Validní obarvení nalezeno ve 62. kroku
Úspěšné obarvení: True
Validita: True
Barvy: [1, 6, 1, 3, 6, 8, 5, 7, 5, 1, 5, 6, 8, 6, 0, 3, 3, 3, 0, 3, 0, 6, 0, 7, 6, 3, 7, 4, 2, 7, 6, 2, 8, 1, 5, 0, 3, 0, 7, 4, 0, 3, 0, 7, 1, 7, 1, 5, 6, 3, 4, 8, 3, 1, 8, 3, 2, 1, 0, 0, 4, 4, 6, 5, 4, 1, 2, 2, 1, 3, 6, 2, 0, 8, 0, 3, 2, 4, 0, 7, 0, 5, 0, 1, 5, 1, 0, 4, 5, 0, 1, 3, 6, 4, 5, 3, 5, 4, 2, 0, 0, 4, 3, 7, 8, 8, 7, 2, 4, 8, 1, 0, 4, 5, 7, 6, 1, 5, 7, 0, 0, 6, 2, 0, 3]
Počet barev: 9
Čas: 0.035012245178222656

Krok 0/100000, konflikty: 81, temp: 0.3000, čas: 0.00s
Validní obarvení nalezeno ve 99. kroku
Úspěšné obarvení: True
Validita: True
Barvy: [2, 3, 6, 4, 4, 1, 0, 3, 5, 1, 1, 6, 0, 3, 0, 3, 4, 4, 6, 2, 2, 0, 1, 7, 5, 7, 5, 3, 3, 5, 6, 5, 0, 4, 5, 3, 3, 3, 2, 7, 4, 7, 2, 0, 6, 2, 0, 3, 7, 3, 6, 0, 4, 4, 1, 4, 4, 6, 0, 2, 1, 0, 4, 2, 1, 7, 2, 6, 6, 7, 3, 3, 4, 4, 3, 1, 7, 4, 0, 5, 0, 2, 5, 6, 4, 4, 2, 2, 1, 2, 1, 1, 4, 6, 4, 4, 3, 2, 2, 2, 1, 5, 2, 6, 7, 0, 1, 3, 0, 0, 6, 0, 7, 1, 3, 4, 0, 2, 5, 4, 5, 2, 7, 6, 1]
Počet barev: 8
Čas: 0.049043893814086914

Krok 0/100000, konflikty: 97, temp: 0.3000, čas: 0.00s
Validní obarvení nalezeno ve 213. kroku
Úspěšné obarvení: True
Validita: True
Barvy: [4, 4, 2, 0, 3, 5, 0, 3, 3, 1, 5, 0, 1, 6, 4, 5, 6, 4, 4, 1, 1, 5, 2, 4, 0, 6, 2, 2, 2, 0, 0, 2, 2, 4, 1, 5, 4, 4, 0, 3, 3, 6, 6, 2, 2, 2, 6, 1, 0, 0, 4, 5, 5, 6, 5, 3, 1, 4, 3, 0, 2, 0, 3, 0, 0, 5, 3, 2, 6, 5, 4, 2, 5, 4, 3, 5, 1, 4, 1, 0, 0, 1, 4, 2, 4, 3, 0, 0, 5, 6, 1, 6, 0, 1, 3, 4, 3, 1, 4, 5, 0, 4, 1, 2, 1, 3, 5, 2, 2, 6, 4, 0, 1, 2, 3, 0, 5, 4, 6, 0, 6, 1, 1, 0, 5]
Počet barev: 7
Čas: 0.0905768871307373

Krok 0/100000, konflikty: 107, temp: 0.3000, čas: 0.00s
Validní obarvení nalezeno ve 1139. kroku
Úspěšné obarvení: True
Validita: True
Barvy: [3, 0, 1, 3, 1, 1, 5, 2, 5, 0, 1, 2, 0, 3, 3, 5, 3, 0, 0, 2, 3, 0, 5, 0, 3, 1, 3, 1, 1, 2, 1, 2, 4, 0, 4, 1, 2, 2, 2, 3, 2, 4, 5, 4, 1, 5, 0, 5, 0, 1, 1, 4, 0, 4, 2, 5, 0, 1, 3, 3, 2, 3, 5, 5, 4, 4, 3, 2, 2, 5, 2, 0, 3, 5, 5, 5, 0, 1, 4, 0, 5, 4, 3, 2, 5, 1, 1, 3, 0, 2, 4, 0, 0, 0, 1, 3, 5, 4, 1, 0, 3, 5, 5, 2, 4, 2, 2, 0, 4, 4, 1, 5, 1, 2, 3, 5, 2, 2, 4, 5, 3, 5, 2, 1, 2]
Počet barev: 6
Čas: 0.4180638790130615

Krok 0/100000, konflikty: 137, temp: 0.3000, čas: 0.00s
Krok 10000/100000, konflikty: 13, temp: 0.2710, čas: 3.02s
Krok 20000/100000, konflikty: 9, temp: 0.2420, čas: 6.06s
Krok 30000/100000, konflikty: 6, temp: 0.2130, čas: 9.06s
Krok 40000/100000, konflikty: 3, temp: 0.1840, čas: 12.01s
Krok 50000/100000, konflikty: 2, temp: 0.1550, čas: 14.97s
Validní obarvení nalezeno ve 51979. kroku
Úspěšné obarvení: True
Validita: True
Barvy: [0, 0, 4, 4, 3, 2, 3, 0, 3, 3, 1, 0, 1, 0, 3, 2, 4, 2, 2, 2, 4, 3, 4, 2, 1, 4, 3, 1, 1, 0, 2, 3, 0, 1, 1, 0, 2, 1, 0, 3, 0, 4, 2, 4, 0, 2, 3, 0, 4, 1, 2, 2, 2, 4, 0, 3, 3, 3, 1, 1, 1, 1, 3, 2, 1, 4, 4, 0, 0, 4, 0, 2, 4, 3, 3, 4, 4, 3, 1, 3, 0, 1, 3, 0, 4, 4, 1, 3, 4, 0, 4, 0, 2, 2, 3, 2, 1, 1, 2, 2, 2, 1, 2, 0, 1, 0, 1, 1, 4, 2, 4, 1, 3, 0, 1, 2, 0, 0, 4, 1, 4, 3, 1, 4, 0]
Počet barev: 5
Čas: 15.587706089019775

Krok 0/100000, konflikty: 170, temp: 0.3000, čas: 0.00s
Krok 10000/100000, konflikty: 31, temp: 0.2710, čas: 2.51s
Krok 20000/100000, konflikty: 30, temp: 0.2420, čas: 4.97s
Krok 30000/100000, konflikty: 36, temp: 0.2130, čas: 7.43s
Krok 40000/100000, konflikty: 30, temp: 0.1840, čas: 9.84s
Krok 50000/100000, konflikty: 20, temp: 0.1550, čas: 12.25s
Krok 60000/100000, konflikty: 26, temp: 0.1260, čas: 14.65s
Krok 70000/100000, konflikty: 24, temp: 0.0970, čas: 17.02s
Krok 80000/100000, konflikty: 20, temp: 0.0680, čas: 19.34s
Krok 90000/100000, konflikty: 19, temp: 0.0390, čas: 21.79s
Počet konfliktů po 100000 krocích: 19
Úspěšné obarvení: False
Validita: False
Barvy: [2, 3, 1, 0, 0, 0, 1, 1, 1, 3, 3, 1, 1, 2, 0, 2, 1, 0, 2, 0, 0, 0, 0, 2, 0, 1, 2, 0, 3, 3, 0, 2, 0, 0, 3, 1, 2, 3, 3, 0, 3, 3, 1, 3, 3, 0, 2, 1, 0, 1, 0, 3, 1, 2, 2, 2, 2, 2, 1, 1, 0, 0, 1, 0, 3, 3, 1, 2, 2, 3, 1, 2, 3, 2, 2, 1, 3, 1, 0, 0, 2, 3, 0, 3, 1, 3, 0, 0, 1, 2, 3, 1, 2, 0, 2, 0, 1, 3, 3, 0, 0, 2, 0, 3, 1, 1, 1, 1, 1, 2, 2, 0, 3, 1, 3, 0, 2, 0, 3, 1, 1, 2, 3, 3, 2]
Počet barev: 4
Čas: 24.04844641685486
Krok 0/100000, konflikty: 174, temp: 0.3000, čas: 0.00s
Krok 10000/100000, konflikty: 35, temp: 0.2710, čas: 2.52s
Krok 20000/100000, konflikty: 25, temp: 0.2420, čas: 4.99s
Krok 30000/100000, konflikty: 28, temp: 0.2130, čas: 7.44s
Krok 40000/100000, konflikty: 31, temp: 0.1840, čas: 9.85s
Krok 50000/100000, konflikty: 22, temp: 0.1550, čas: 12.25s
Krok 60000/100000, konflikty: 27, temp: 0.1260, čas: 14.62s
Krok 70000/100000, konflikty: 32, temp: 0.0970, čas: 16.98s
Krok 80000/100000, konflikty: 23, temp: 0.0680, čas: 19.33s
Krok 90000/100000, konflikty: 21, temp: 0.0390, čas: 21.65s
Počet konfliktů po 100000 krocích: 21
Úspěšné obarvení: False
Validita: False
Barvy: [0, 2, 1, 0, 3, 3, 1, 1, 1, 0, 2, 1, 1, 0, 0, 0, 1, 3, 0, 3, 3, 3, 0, 0, 3, 1, 0, 3, 1, 2, 3, 0, 1, 1, 2, 1, 0, 2, 2, 3, 2, 2, 3, 3, 2, 3, 0, 1, 0, 1, 3, 2, 1, 2, 1, 0, 0, 0, 1, 1, 2, 3, 0, 3, 2, 2, 1, 0, 2, 2, 1, 0, 2, 0, 1, 1, 0, 1, 3, 3, 1, 2, 0, 2, 1, 3, 2, 3, 1, 0, 2, 1, 3, 0, 3, 3, 1, 3, 3, 3, 3, 0, 3, 3, 1, 1, 1, 1, 0, 3, 0, 3, 2, 1, 2, 3, 0, 1, 2, 1, 0, 0, 2, 2, 2]
Počet barev: 4
Čas: 23.91815495491028
Krok 0/100000, konflikty: 178, temp: 0.3000, čas: 0.00s
Krok 10000/100000, konflikty: 34, temp: 0.2710, čas: 2.49s
Krok 20000/100000, konflikty: 39, temp: 0.2420, čas: 4.98s
Krok 30000/100000, konflikty: 28, temp: 0.2130, čas: 7.41s
Krok 40000/100000, konflikty: 25, temp: 0.1840, čas: 9.84s
Krok 50000/100000, konflikty: 26, temp: 0.1550, čas: 12.25s
Krok 60000/100000, konflikty: 22, temp: 0.1260, čas: 14.62s
Krok 70000/100000, konflikty: 22, temp: 0.0970, čas: 16.95s
Krok 80000/100000, konflikty: 21, temp: 0.0680, čas: 19.27s
Krok 90000/100000, konflikty: 22, temp: 0.0390, čas: 21.56s
Počet konfliktů po 100000 krocích: 23
Úspěšné obarvení: False
Validita: False
Barvy: [0, 2, 0, 0, 3, 3, 1, 1, 1, 2, 2, 1, 1, 0, 2, 0, 1, 3, 0, 3, 3, 3, 1, 0, 1, 2, 0, 3, 3, 0, 3, 1, 0, 0, 3, 1, 2, 2, 0, 1, 2, 2, 2, 3, 2, 3, 0, 1, 0, 0, 3, 3, 1, 2, 3, 1, 3, 2, 1, 2, 2, 3, 1, 0, 0, 1, 1, 0, 2, 2, 0, 3, 2, 2, 2, 2, 0, 1, 3, 3, 1, 0, 0, 2, 2, 2, 1, 3, 1, 0, 2, 0, 3, 3, 1, 3, 1, 3, 3, 3, 3, 0, 3, 1, 3, 1, 1, 1, 1, 3, 0, 3, 2, 1, 2, 3, 1, 0, 2, 1, 1, 0, 2, 2, 1]
Počet barev: 4
Čas: 23.863402128219604
Krok 0/100000, konflikty: 180, temp: 0.3000, čas: 0.00s
Krok 10000/100000, konflikty: 42, temp: 0.2710, čas: 2.49s
Krok 20000/100000, konflikty: 37, temp: 0.2420, čas: 4.97s
Krok 30000/100000, konflikty: 40, temp: 0.2130, čas: 7.42s
Krok 40000/100000, konflikty: 40, temp: 0.1840, čas: 10.16s
Krok 50000/100000, konflikty: 24, temp: 0.1550, čas: 12.59s
Krok 60000/100000, konflikty: 25, temp: 0.1260, čas: 14.98s
Krok 70000/100000, konflikty: 21, temp: 0.0970, čas: 17.35s
Krok 80000/100000, konflikty: 22, temp: 0.0680, čas: 19.92s
Krok 90000/100000, konflikty: 23, temp: 0.0390, čas: 22.27s
Počet konfliktů po 100000 krocích: 21
Úspěšné obarvení: False
Validita: False
Barvy: [0, 0, 1, 0, 2, 2, 1, 1, 1, 3, 3, 1, 1, 0, 0, 2, 1, 0, 0, 2, 0, 2, 0, 2, 0, 3, 0, 0, 1, 3, 2, 1, 1, 0, 3, 1, 3, 3, 1, 2, 0, 3, 2, 3, 3, 2, 0, 1, 0, 3, 2, 2, 2, 3, 1, 0, 0, 3, 1, 3, 3, 0, 0, 2, 0, 3, 1, 1, 3, 3, 1, 2, 3, 3, 1, 1, 0, 1, 2, 3, 1, 0, 0, 3, 3, 3, 0, 0, 1, 1, 0, 1, 2, 0, 2, 2, 0, 3, 2, 2, 2, 0, 2, 1, 2, 1, 1, 1, 0, 2, 0, 0, 3, 1, 3, 2, 1, 1, 0, 1, 0, 0, 3, 3, 1]
Počet barev: 4
Čas: 24.536576986312866
Krok 0/100000, konflikty: 169, temp: 0.3000, čas: 0.00s
Krok 10000/100000, konflikty: 42, temp: 0.2710, čas: 2.51s
Krok 20000/100000, konflikty: 37, temp: 0.2420, čas: 5.01s
Krok 30000/100000, konflikty: 32, temp: 0.2130, čas: 7.49s
Krok 40000/100000, konflikty: 29, temp: 0.1840, čas: 9.90s
Krok 50000/100000, konflikty: 34, temp: 0.1550, čas: 12.31s
Krok 60000/100000, konflikty: 26, temp: 0.1260, čas: 14.69s
Krok 70000/100000, konflikty: 24, temp: 0.0970, čas: 17.04s
Krok 80000/100000, konflikty: 27, temp: 0.0680, čas: 19.36s
Krok 90000/100000, konflikty: 26, temp: 0.0390, čas: 21.66s
Počet konfliktů po 100000 krocích: 23
Úspěšné obarvení: False
Validita: False
Barvy: [3, 3, 0, 3, 2, 1, 0, 0, 0, 2, 2, 0, 0, 3, 2, 3, 0, 1, 3, 1, 1, 1, 3, 3, 3, 0, 2, 1, 0, 0, 3, 0, 1, 3, 1, 0, 2, 2, 3, 1, 2, 2, 2, 2, 2, 1, 3, 0, 3, 0, 3, 2, 0, 3, 1, 3, 1, 2, 0, 2, 1, 1, 1, 3, 3, 0, 0, 3, 2, 2, 0, 2, 1, 2, 2, 2, 1, 0, 1, 1, 0, 3, 1, 2, 2, 2, 1, 1, 0, 3, 2, 3, 3, 1, 0, 3, 0, 1, 1, 1, 3, 3, 1, 0, 2, 0, 0, 0, 0, 1, 3, 1, 1, 0, 2, 1, 2, 1, 2, 0, 0, 1, 2, 0, 0]
Počet barev: 4
Čas: 23.932008028030396
Krok 0/100000, konflikty: 186, temp: 0.3000, čas: 0.00s
Krok 10000/100000, konflikty: 29, temp: 0.2710, čas: 2.51s
Krok 20000/100000, konflikty: 22, temp: 0.2420, čas: 4.99s
Krok 30000/100000, konflikty: 25, temp: 0.2130, čas: 7.45s
Krok 40000/100000, konflikty: 24, temp: 0.1840, čas: 9.86s
Krok 50000/100000, konflikty: 23, temp: 0.1550, čas: 12.27s
Krok 60000/100000, konflikty: 27, temp: 0.1260, čas: 14.63s
Krok 70000/100000, konflikty: 22, temp: 0.0970, čas: 16.99s
Krok 80000/100000, konflikty: 23, temp: 0.0680, čas: 19.31s
Krok 90000/100000, konflikty: 26, temp: 0.0390, čas: 21.85s
Počet konfliktů po 100000 krocích: 23
Úspěšné obarvení: False
Validita: False
Barvy: [0, 1, 1, 3, 2, 3, 1, 1, 1, 2, 2, 1, 1, 0, 0, 0, 1, 3, 3, 2, 3, 3, 3, 0, 3, 2, 0, 0, 1, 2, 3, 0, 3, 0, 3, 1, 2, 2, 1, 3, 2, 0, 2, 2, 2, 3, 0, 1, 3, 1, 2, 2, 1, 2, 0, 0, 3, 2, 1, 2, 2, 3, 0, 3, 0, 2, 1, 0, 2, 2, 1, 0, 3, 2, 1, 1, 3, 1, 3, 3, 1, 0, 3, 2, 2, 2, 3, 3, 1, 0, 2, 1, 0, 3, 0, 0, 1, 2, 2, 3, 0, 3, 3, 0, 2, 1, 1, 1, 0, 0, 0, 3, 2, 1, 2, 3, 0, 3, 2, 1, 1, 3, 2, 1, 1]
Počet barev: 4
Čas: 24.121689081192017
Krok 0/100000, konflikty: 183, temp: 0.3000, čas: 0.00s
Krok 10000/100000, konflikty: 49, temp: 0.2710, čas: 2.52s
Krok 20000/100000, konflikty: 37, temp: 0.2420, čas: 5.03s
Krok 30000/100000, konflikty: 28, temp: 0.2130, čas: 7.55s
Krok 40000/100000, konflikty: 39, temp: 0.1840, čas: 9.98s
Krok 50000/100000, konflikty: 28, temp: 0.1550, čas: 12.39s
Krok 60000/100000, konflikty: 25, temp: 0.1260, čas: 14.79s
Krok 70000/100000, konflikty: 25, temp: 0.0970, čas: 17.16s
Krok 80000/100000, konflikty: 27, temp: 0.0680, čas: 19.49s
Krok 90000/100000, konflikty: 25, temp: 0.0390, čas: 21.82s
Počet konfliktů po 100000 krocích: 24
Úspěšné obarvení: False
Validita: False
Barvy: [3, 2, 3, 2, 0, 1, 3, 3, 3, 0, 0, 3, 3, 2, 2, 2, 3, 1, 1, 1, 2, 1, 2, 3, 2, 3, 0, 2, 1, 3, 1, 3, 1, 1, 1, 3, 0, 0, 3, 1, 0, 0, 0, 0, 0, 1, 0, 2, 2, 2, 1, 1, 1, 0, 3, 2, 1, 0, 3, 0, 2, 1, 2, 1, 1, 3, 3, 3, 0, 0, 3, 2, 0, 0, 0, 0, 2, 3, 1, 1, 3, 2, 2, 0, 0, 0, 1, 2, 3, 3, 0, 3, 1, 2, 1, 1, 2, 1, 1, 1, 1, 2, 2, 3, 1, 3, 3, 3, 2, 1, 0, 2, 0, 3, 0, 1, 0, 3, 2, 2, 2, 2, 0, 3, 3]
Počet barev: 4
Čas: 24.13111686706543
Krok 0/100000, konflikty: 189, temp: 0.3000, čas: 0.00s
Krok 10000/100000, konflikty: 40, temp: 0.2710, čas: 2.54s
Krok 20000/100000, konflikty: 38, temp: 0.2420, čas: 5.04s
Krok 30000/100000, konflikty: 22, temp: 0.2130, čas: 7.48s
Krok 40000/100000, konflikty: 30, temp: 0.1840, čas: 10.11s
Krok 50000/100000, konflikty: 30, temp: 0.1550, čas: 12.55s
Krok 60000/100000, konflikty: 20, temp: 0.1260, čas: 15.01s
Krok 70000/100000, konflikty: 21, temp: 0.0970, čas: 17.34s
Krok 80000/100000, konflikty: 27, temp: 0.0680, čas: 19.67s
Krok 90000/100000, konflikty: 25, temp: 0.0390, čas: 22.00s
Počet konfliktů po 100000 krocích: 24
Úspěšné obarvení: False
Validita: False
Barvy: [2, 3, 3, 0, 0, 0, 3, 3, 3, 1, 1, 3, 3, 2, 2, 2, 3, 0, 0, 0, 0, 0, 2, 2, 0, 1, 2, 2, 0, 1, 0, 2, 3, 2, 1, 3, 1, 1, 3, 0, 1, 1, 0, 1, 1, 0, 2, 3, 2, 0, 0, 0, 0, 1, 3, 2, 2, 3, 3, 1, 1, 0, 2, 0, 2, 1, 3, 3, 1, 1, 3, 2, 1, 1, 3, 3, 2, 3, 0, 0, 3, 2, 2, 1, 1, 1, 0, 0, 3, 3, 1, 3, 0, 2, 0, 0, 2, 1, 0, 0, 0, 2, 0, 0, 1, 3, 3, 3, 2, 0, 2, 0, 1, 3, 1, 0, 3, 3, 2, 3, 2, 2, 1, 1, 3]
Počet barev: 4
Čas: 24.2737238407135
Krok 0/100000, konflikty: 206, temp: 0.3000, čas: 0.00s
Krok 10000/100000, konflikty: 25, temp: 0.2710, čas: 2.50s
Krok 20000/100000, konflikty: 31, temp: 0.2420, čas: 4.99s
Krok 30000/100000, konflikty: 22, temp: 0.2130, čas: 7.59s
Krok 40000/100000, konflikty: 27, temp: 0.1840, čas: 10.08s
Krok 50000/100000, konflikty: 22, temp: 0.1550, čas: 12.49s
Krok 60000/100000, konflikty: 20, temp: 0.1260, čas: 14.87s
Krok 70000/100000, konflikty: 24, temp: 0.0970, čas: 17.24s
Krok 80000/100000, konflikty: 24, temp: 0.0680, čas: 19.59s
Krok 90000/100000, konflikty: 22, temp: 0.0390, čas: 21.89s
Počet konfliktů po 100000 krocích: 21
Úspěšné obarvení: False
Validita: False
Barvy: [3, 2, 2, 0, 1, 0, 2, 1, 2, 1, 1, 2, 2, 3, 2, 3, 3, 0, 0, 3, 0, 0, 0, 3, 0, 1, 3, 0, 2, 1, 2, 3, 0, 0, 0, 2, 1, 1, 2, 0, 1, 3, 1, 1, 1, 3, 0, 2, 0, 2, 1, 1, 2, 1, 3, 3, 3, 2, 2, 1, 1, 0, 3, 0, 3, 3, 3, 3, 1, 1, 2, 3, 0, 1, 2, 2, 0, 2, 0, 0, 2, 3, 0, 1, 1, 1, 0, 0, 2, 3, 1, 3, 3, 0, 2, 3, 2, 1, 1, 0, 1, 0, 0, 2, 1, 2, 2, 2, 3, 3, 3, 0, 1, 2, 1, 0, 2, 0, 1, 2, 2, 0, 1, 2, 2]
Počet barev: 4
Čas: 24.15705704689026
Krok 0/100000, konflikty: 167, temp: 0.3000, čas: 0.00s
Krok 10000/100000, konflikty: 41, temp: 0.2710, čas: 2.56s
Krok 20000/100000, konflikty: 38, temp: 0.2420, čas: 5.06s
Krok 30000/100000, konflikty: 30, temp: 0.2130, čas: 7.52s
Krok 40000/100000, konflikty: 31, temp: 0.1840, čas: 9.95s
Krok 50000/100000, konflikty: 26, temp: 0.1550, čas: 12.35s
Krok 60000/100000, konflikty: 31, temp: 0.1260, čas: 14.77s
Krok 70000/100000, konflikty: 24, temp: 0.0970, čas: 17.12s
Krok 80000/100000, konflikty: 23, temp: 0.0680, čas: 19.45s
Krok 90000/100000, konflikty: 22, temp: 0.0390, čas: 21.77s
Počet konfliktů po 100000 krocích: 23
Úspěšné obarvení: False
Validita: False
Barvy: [0, 2, 0, 0, 2, 0, 0, 2, 3, 1, 2, 0, 0, 1, 1, 2, 0, 3, 3, 0, 3, 3, 1, 0, 3, 2, 1, 1, 3, 0, 3, 0, 0, 1, 3, 2, 2, 2, 0, 3, 1, 1, 2, 2, 1, 3, 1, 1, 1, 2, 2, 2, 3, 2, 0, 1, 3, 3, 0, 2, 2, 3, 1, 2, 0, 0, 0, 0, 2, 2, 0, 1, 3, 2, 1, 2, 1, 0, 3, 3, 3, 1, 1, 2, 1, 2, 3, 3, 0, 0, 1, 0, 3, 1, 3, 0, 1, 2, 3, 2, 2, 3, 3, 0, 3, 0, 0, 0, 3, 3, 0, 1, 2, 0, 2, 3, 0, 0, 1, 2, 1, 3, 2, 2, 0]
Počet barev: 4
Čas: 24.041261196136475